((32, 20, 0, 64, 0.2, 'adam', 'relu'), 0.97399999999999998)
((32, 20, 0, 64, 0.2, 'adam', 'tanh'), 0.97060000000000002)
((32, 20, 0, 64, 0.2, 'adam', 'sigmoid'), 0.97109999999999996)
((32, 20, 0, 64, 0.2, 'rmsprop', 'relu'), 0.97019999999999995)
((32, 20, 0, 64, 0.2, 'rmsprop', 'tanh'), 0.9667)
((32, 20, 0, 64, 0.2, 'rmsprop', 'sigmoid'), 0.96519999999999995)
((32, 20, 0, 128, 0.2, 'adam', 'relu'), 0.97889999999999999)
((32, 20, 0, 128, 0.2, 'adam', 'tanh'), 0.97770000000000001)
((32, 20, 0, 128, 0.2, 'adam', 'sigmoid'), 0.97899999999999998)
((32, 20, 0, 128, 0.2, 'rmsprop', 'relu'), 0.97609999999999997)
((32, 20, 0, 128, 0.2, 'rmsprop', 'tanh'), 0.9748)
((32, 20, 0, 128, 0.2, 'rmsprop', 'sigmoid'), 0.97519999999999996)
((32, 20, 1, 64, 0.2, 'adam', 'relu'), 0.97389999999999999)
((32, 20, 1, 64, 0.2, 'adam', 'tanh'), 0.97260000000000002)
((32, 20, 1, 64, 0.2, 'adam', 'sigmoid'), 0.97089999999999999)
((32, 20, 1, 64, 0.2, 'rmsprop', 'relu'), 0.97409999999999997)
((32, 20, 1, 64, 0.2, 'rmsprop', 'tanh'), 0.96960000000000002)
((32, 20, 1, 64, 0.2, 'rmsprop', 'sigmoid'), 0.9698)
((32, 20, 1, 128, 0.2, 'adam', 'relu'), 0.97970000000000002)
((32, 20, 1, 128, 0.2, 'adam', 'tanh'), 0.97709999999999997)
((32, 20, 1, 128, 0.2, 'adam', 'sigmoid'), 0.98070000000000002)
((32, 20, 1, 128, 0.2, 'rmsprop', 'relu'), 0.97940000000000005)
((32, 20, 1, 128, 0.2, 'rmsprop', 'tanh'), 0.97729999999999995)
((32, 20, 1, 128, 0.2, 'rmsprop', 'sigmoid'), 0.9758)
((32, 20, 3, 64, 0.2, 'adam', 'relu'), 0.97430000000000005)
((32, 20, 3, 64, 0.2, 'adam', 'tanh'), 0.96809999999999996)
((32, 20, 3, 64, 0.2, 'adam', 'sigmoid'), 0.96789999999999998)
((32, 20, 3, 64, 0.2, 'rmsprop', 'relu'), 0.96799999999999997)
((32, 20, 3, 64, 0.2, 'rmsprop', 'tanh'), 0.96930000000000005)
((32, 20, 3, 64, 0.2, 'rmsprop', 'sigmoid'), 0.9627)
((32, 20, 3, 128, 0.2, 'adam', 'relu'), 0.97740000000000005)
((32, 20, 3, 128, 0.2, 'adam', 'tanh'), 0.97550000000000003)
((32, 20, 3, 128, 0.2, 'adam', 'sigmoid'), 0.97609999999999997)
((32, 20, 3, 128, 0.2, 'rmsprop', 'relu'), 0.97260000000000002)
((32, 20, 3, 128, 0.2, 'rmsprop', 'tanh'), 0.97619999999999996)
((32, 20, 3, 128, 0.2, 'rmsprop', 'sigmoid'), 0.97340000000000004)
((32, 50, 0, 64, 0.2, 'adam', 'relu'), 0.97419999999999995)
((32, 50, 0, 64, 0.2, 'adam', 'tanh'), 0.97140000000000004)
((32, 50, 0, 64, 0.2, 'adam', 'sigmoid'), 0.97070000000000001)
((32, 50, 0, 64, 0.2, 'rmsprop', 'relu'), 0.9738)
((32, 50, 0, 64, 0.2, 'rmsprop', 'tanh'), 0.96989999999999998)
((32, 50, 0, 64, 0.2, 'rmsprop', 'sigmoid'), 0.97089999999999999)
((32, 50, 0, 128, 0.2, 'adam', 'relu'), 0.9788)
((32, 50, 0, 128, 0.2, 'adam', 'tanh'), 0.97609999999999997)
((32, 50, 0, 128, 0.2, 'adam', 'sigmoid'), 0.97970000000000002)
((32, 50, 0, 128, 0.2, 'rmsprop', 'relu'), 0.97770000000000001)
((32, 50, 0, 128, 0.2, 'rmsprop', 'tanh'), 0.97499999999999998)
((32, 50, 0, 128, 0.2, 'rmsprop', 'sigmoid'), 0.97770000000000001)
((32, 50, 1, 64, 0.2, 'adam', 'relu'), 0.97609999999999997)
((32, 50, 1, 64, 0.2, 'adam', 'tanh'), 0.97140000000000004)
((32, 50, 1, 64, 0.2, 'adam', 'sigmoid'), 0.97619999999999996)
((32, 50, 1, 64, 0.2, 'rmsprop', 'relu'), 0.9708)
((32, 50, 1, 64, 0.2, 'rmsprop', 'tanh'), 0.97070000000000001)
((32, 50, 1, 64, 0.2, 'rmsprop', 'sigmoid'), 0.97209999999999996)
((32, 50, 1, 128, 0.2, 'adam', 'relu'), 0.98060000000000003)
((32, 50, 1, 128, 0.2, 'adam', 'tanh'), 0.97689999999999999)
((32, 50, 1, 128, 0.2, 'adam', 'sigmoid'), 0.98089999999999999)
((32, 50, 1, 128, 0.2, 'rmsprop', 'relu'), 0.97709999999999997)
((32, 50, 1, 128, 0.2, 'rmsprop', 'tanh'), 0.97960000000000003)
((32, 50, 1, 128, 0.2, 'rmsprop', 'sigmoid'), 0.97919999999999996)
((32, 50, 3, 64, 0.2, 'adam', 'relu'), 0.97370000000000001)
((32, 50, 3, 64, 0.2, 'adam', 'tanh'), 0.97199999999999998)
((32, 50, 3, 64, 0.2, 'adam', 'sigmoid'), 0.97319999999999995)
((32, 50, 3, 64, 0.2, 'rmsprop', 'relu'), 0.96630000000000005)
((32, 50, 3, 64, 0.2, 'rmsprop', 'tanh'), 0.97160000000000002)
((32, 50, 3, 64, 0.2, 'rmsprop', 'sigmoid'), 0.96999999999999997)
((32, 50, 3, 128, 0.2, 'adam', 'relu'), 0.98070000000000002)
((32, 50, 3, 128, 0.2, 'adam', 'tanh'), 0.97809999999999997)
((32, 50, 3, 128, 0.2, 'adam', 'sigmoid'), 0.97919999999999996)
((32, 50, 3, 128, 0.2, 'rmsprop', 'relu'), 0.9748)
((32, 50, 3, 128, 0.2, 'rmsprop', 'tanh'), 0.97770000000000001)
((32, 50, 3, 128, 0.2, 'rmsprop', 'sigmoid'), 0.97770000000000001)
((32, 200, 0, 64, 0.2, 'adam', 'relu'), 0.97060000000000002)
((32, 200, 0, 64, 0.2, 'adam', 'tanh'), 0.96809999999999996)
((32, 200, 0, 64, 0.2, 'adam', 'sigmoid'), 0.97099999999999997)
((32, 200, 0, 64, 0.2, 'rmsprop', 'relu'), 0.96899999999999997)
((32, 200, 0, 64, 0.2, 'rmsprop', 'tanh'), 0.96779999999999999)
((32, 200, 0, 64, 0.2, 'rmsprop', 'sigmoid'), 0.97240000000000004)
